10 
15 
10 
0 1 2 3 4 5 6 7 8 9
10 11 12 13 14   
5                    
12 6 1 4 20   
0 0 0 0 0       
0 0 0 0 0        
7                   
2                   
0.5                   
0                   
0 17 20 4 7 23 29 20 11 23 14 9 6 28 1
17 0 19 15 18 5 24 14 2 30 21 27 28 13 13
20 19 0 5 7 7 8 24 9 22 5 25 7 18 11
4 15 5 0 30 11 9 24 25 27 15 27 12 8 9
7 18 7 30 0 25 9 13 30 10 21 17 18 21 11
23 5 7 11 25 0 30 26 13 9 14 21 24 6 26
29 24 8 9 9 30 0 23 11 24 10 30 29 30 5
20 14 24 24 13 26 23 0 12 23 23 9 17 26 2
11 2 9 25 30 13 11 12 0 19 24 5 23 3 22
23 30 22 27 10 9 24 23 19 0 22 12 4 24 8
14 21 5 15 21 14 10 23 24 22 0 29 7 1 20
9 27 25 27 17 21 30 9 5 12 29 0 18 22 12
6 28 7 12 18 24 29 17 23 4 7 18 0 10 25
28 13 18 8 21 6 30 26 3 24 1 22 10 0 21
1 13 11 9 11 26 5 2 22 8 20 12 25 21 0
